# Nota: C-Order, 1 refers to the Y axis, 2 to the X axis 
# Calibration done at Wed Apr 12 07:21:20 2023
poni_version: 2
Detector: Detector
Detector_config: {"pixel1": 0.00019999999999999998, "pixel2": 0.00019999999999999998, "max_shape": [2048, 2048]}
Distance: 3.0007574574048568
Poni1: 0.4111608570417003
Poni2: 0.4577097175735362
Rot1: -0.0017782649366340224
Rot2: 0.0008856796169755146
Rot3: 2.042035224833366
Wavelength: 1.3050968256126345e-11
