# Nota: C-Order, 1 refers to the Y axis, 2 to the X axis 
# Calibration done at Sun May 21 15:04:27 2023
poni_version: 2
Detector: Detector
Detector_config: {"pixel1": 9.999999999999999e-05, "pixel2": 9.999999999999999e-05, "max_shape": [807, 780]}
Distance: 0.28185877964514505
Poni1: 0.09562047420077184
Poni2: 0.09754020099503352
Rot1: -0.009152889917150032
Rot2: -0.5725795305306692
Rot3: 0.0
Wavelength: 8.2306e-11
