# Nota: C-Order, 1 refers to the Y axis, 2 to the X axis 
# Calibration done at Sun May 21 15:53:29 2023
poni_version: 2
Detector: Detector
Detector_config: {"pixel1": 9.999999999999998e-05, "pixel2": 9.999999999999998e-05, "max_shape": [775, 804]}
Distance: 0.10394201738699846
Poni1: 0.027075069505101274
Poni2: 0.07569525219155203
Rot1: -0.44149522620730813
Rot2: 0.006501065524411744
Rot3: 0.0
Wavelength: 8.2306e-11
