# Nota: C-Order, 1 refers to the Y axis, 2 to the X axis 
# Calibration done at Sun May 21 15:40:31 2023
poni_version: 2
Detector: Detector
Detector_config: {"pixel1": 9.999999999999999e-05, "pixel2": 9.999999999999999e-05, "max_shape": [804, 777]}
Distance: 0.13109347716129607
Poni1: 0.022954995760135096
Poni2: -0.02113538520716056
Rot1: 0.5678980673021831
Rot2: -0.006391094597170942
Rot3: 0.0
Wavelength: 8.2306e-11
